image_width: 640
image_height: 480
camera_name: left_camera
camera_matrix:
  rows: 3
  cols: 3
  data: [878.9170792164748, 0, 309.578838894806, 0, 877.5763680726956, 269.1840629824396, 0, 0, 1]
distortion_model: plumb_bob
distortion_coefficients:
  rows: 1
  cols: 5
  data: [0.05005397898764578, 0.4490789318193721, 0.003739377173083505, -0.02092639874262009, 0]
rectification_matrix:
  rows: 3
  cols: 3
  data: [0.9875723276860719, -0.03203229234005905, -0.1538662725750994, 0.03485961390820853, 0.9992687052538811, 0.01571184325286539, 0.1532504646220833, -0.02088030046893413, 0.9879667545749921]
projection_matrix:
  rows: 3
  cols: 4
  data: [1024.165632980439, 0, 470.596284866333, 0, 0, 1024.165632980439, 252.6905002593994, 0, 0, 0, 1, 0]