image_width: 640
image_height: 480
camera_name: right_camera
camera_matrix:
  rows: 3
  cols: 3
  data: [884.5320398238121, 0, 383.3598572809648, 0, 881.1766326895432, 229.3147261182095, 0, 0, 1]
distortion_model: plumb_bob
distortion_coefficients:
  rows: 1
  cols: 5
  data: [0.153057796880348, 0.03913245362855663, 0.006637338709581287, 0.01940340117183055, 0]
rectification_matrix:
  rows: 3
  cols: 3
  data: [0.9948234779698595, -0.02363679943369543, -0.0988309131420108, 0.02181659385251143, 0.9995726226807373, -0.01945785753434286, 0.09924859652724058, 0.01720097961406491, 0.9949139874319234]
projection_matrix:
  rows: 3
  cols: 4
  data: [1024.165632980439, 0, 470.596284866333, -38.78684787833571, 0, 1024.165632980439, 252.6905002593994, 0, 0, 0, 1, 0]